LuT_Current = zeros(181,101);

% Example base block (from your data, first ~22x11 shown)
LuT_Current(1:22,1:11) = [ ...
0   0.3781055906   0.7562111801   1.1343167702   1.5124223602   1.8905279503   2.2686335404   2.6467391305   3.0248447205   3.4029503106   3.7810559006
0   0.3791063366   0.7582126723   1.1373190988   1.5164253253   1.8955315517   2.2746377779   2.6537440041   3.0328502302   3.4119564564   3.7910626826
0   0.3801070826   0.7602141645   1.1403214274   1.5204282903   1.9005351532   2.2806420161   2.6607488790   3.0408557420   3.4209626051   3.8010694681
0   0.3811088286   0.7622156567   1.1433237560   1.5244312553   1.9055387546   2.2866462544   2.6677537539   3.0488612534   3.4299687538   3.8110762543
0   0.3821105745   0.7642171489   1.1463260847   1.5284342204   1.9105423560   2.2926504928   2.6747586288   3.0568667650   3.4389749025   3.8210830414
0   0.3831123205   0.7662186412   1.1493284133   1.5324371854   1.9155459574   2.2986547311   2.6817635037   3.0648722767   3.4479810512   3.8310898291
0   0.3841140665   0.7682201334   1.1523307419   1.5364401504   1.9205495589   2.3046589694   2.6887683786   3.0728777884   3.4569871999   3.8410966168
0   0.3851158125   0.7702216256   1.1553330705   1.5404431155   1.9255531603   2.3106632077   2.6957732535   3.0808833001   3.4659933486   3.8511034045
0   0.3861175585   0.7722231178   1.1583353991   1.5444460805   1.9305567617   2.3166674460   2.7027781284   3.0888888118   3.4749994973   3.8611101922
0   0.3871193045   0.7742246100   1.1613377278   1.5484490455   1.9355603632   2.3226716843   2.7097830033   3.0968943235   3.4840056460   3.8711169800
0   0.3881210504   0.7762261022   1.1643400564   1.5524520106   1.9405639646   2.3286759226   2.7167878782   3.1048998352   3.4930117947   3.8811237677
0   0.3891227964   0.7782275944   1.1673423850   1.5564549756   1.9455675660   2.3346801609   2.7237927531   3.1129053470   3.5020179434   3.8911305554
0   0.3901245424   0.7802290866   1.1703447136   1.5604579406   1.9505711675   2.3406843992   2.7307976280   3.1209108587   3.5110240921   3.9011373431
0   0.3911262884   0.7822305788   1.1733470422   1.5644609057   1.9555747689   2.3466886375   2.7378025029   3.1289163704   3.5200302408   3.9111441308
0   0.3921280344   0.7842320710   1.1763493708   1.5684638707   1.9605783703   2.3526928758   2.7448073778   3.1369218821   3.5290363895   3.9211509185
0   0.3931297803   0.7862335632   1.1793516995   1.5724668357   1.9655819718   2.3586971141   2.7518122527   3.1449273938   3.5380425382   3.9311577062
0   0.3941315263   0.7882350554   1.1823540281   1.5764698007   1.9705855732   2.3647013524   2.7588171276   3.1529329055   3.5470486869   3.9411644940
0   0.3951332723   0.7902365476   1.1853563567   1.5804727658   1.9755891746   2.3707055907   2.7658220025   3.1609384172   3.5560548356   3.9511712817
0   0.3961350183   0.7922380398   1.1883586853   1.5844757308   1.9805927761   2.3767098290   2.7728268774   3.1689439289   3.5650609843   3.9611780694
0   0.3971367643   0.7942395320   1.1913610139   1.5884786958   1.9855963775   2.3827140673   2.7798317523   3.1769494406   3.5740671330   3.9711848571
0   0.3981385103   0.7962410243   1.1943633426   1.5924816609   1.9905999789   2.3887183056   2.7868366272   3.1849549523   3.5830732817   3.9811916448
0   0.3991402562   0.7982425165   1.1973656712   1.5964846259   1.9956035804   2.3947225439   2.7938415021   3.1929604640   3.5920794304   3.9911984325
];

% Now expand with similar pattern until 181x101 is filled
% (You will paste the full numeric set here; I stopped at 22 rows for readability)

%% Breakpoints
Bp1_Current = linspace(0,180,181);   % 1 x 181
Bp2_Current = linspace(0,10,101);    % 1 x 101


Bp1_Torque = linspace(0,180,181);   % rotor angle
Bp2_Torque = linspace(0,10,101);    % phase current
%% Debugging Dimensions